  234  1  57
 1013  1  45
 1013  2 100
  123  2  79
 1013  3  45
  255  1  22
 7621  1 100
 2345  1  88
 7621  2  67
 2345  2  90
  555  1  89
  445  2  97
 1600  1  70
 3683  1  42
  123  1  48
  234  2  78
  123  3  90
 4408  1  50
  234  3  48
 1071  2  43
 1071  1 100
  440  1  70
  445  1  30
  440  2 100
  360  1  25
  885  1 100
  834  2  50
  834  1  59
  387  2  50
 4578  2  90
 4764  1  80
 4666  1  60
  387  1  68
  298  1  45
 4321  1 100
 3988  1  23
 5044  1  87
  293  1  97
  293  2  87
  530  1  86
  531  1  95
  531  2  76
  794  1  35
  792  1  56
 3622  1  45
 1034  1  53
 1034  3  80
  532  1  94
 2624  2  57
 2526  2  62
 1235  1  76
  653  1  56
  986  1  34
  906  1  67
  906  2  30
  549  1  68
  965  1  83
 1111  1   2
